600
87
535
632
713
766
694
238
458
121
505
430
502
144
7
900
845
899
429
663
150
223
355
843
821
140
250
573
367
523
472
494
527
580
133
560
581
78
814
532
177
590
196
555
54
263
411
812
572
16
241
76
101
145
57
922
424
993
330
419
970
929
992
108
926
998
928
68
872
191
943
43
934
876
816
966
545
938
740
920
48
226
879
865
705
662
755
964
67
946
390
490
733
440
834
165
794
746
810
344
753
726
156
396
83
937
115
661
356
111
128
123
380
646
799
895
459
657
364
636
193
485
902
92
129
315
988
89
655
62
634
491
867
631
551
283
495
403
132
807
79
863
149
131
453
281
508
571
119
990
240
977
230
556
431
299
158
923
509
925
327
420
365
438
105
476
418
178
793
337
969
369
17
372
978
26
462
727
35
72
399
687
754
2
666
823
904
981
463
781
989
682
288
109
172
342
936
905
797
134
918
31
340
408
704
113
605
49
589
630
612
436
917
176
648
767
673
894
426
949
759
211
542
237
935
853
500
658
757
831
6
318
790
34
398
207
382
91
468
723
460
808
874
19
205
135
157
897
201
960
908
345
515
286
118
898
465
416
40
63
686
333
891
103
750
728
452
343
151
15
14
811
861
138
319
213
599
844
10
623
389
656
707
983
777
175
443
650
352
933
336
680
813
116
784
392
208
703
611
171
13
313
862
95
620
479
451
846
764
681
442
778
737
878
824
714
882
513
44
227
59
200
803
363
598
182
809
637
618
736
127
528
677
219
854
141
348
947
674
847
96
693
332
775
914
24
745
376
819
712
499
776
359
186
822
274
306
3
33
952
583
202
546
670
739
616
41
603
901
371
0
243
709
475
832
953
477
294
596
906
734
521
910
994
155
683
464
346
100
466
148
74
212
248
478
851
881
963
724
702
412
772
760
629
890
909
860
698
859
543
738
939
292
659
455
216
377
671
395
82
244
273
221
388
222
289
584
112
690
718
927
97
480
265
406
873
665
691
504
801
347
457
29
921
320
501
741
400
564
341
257
81
486
722
785
915
911
46
259
38
