199 54
23 148
14 22
40 34
5 5
66 46
84 68
22 29
156 37
133 48
183 48
9 23
123 19
8 33
128 27
124 224
152 26
147 27
144 31
146 35
164 219
31 48
75 27
34 40
143 209
193 25
37 25
25 79
139 26
185 45
119 202
89 30
74 71
99 33
160 47
32 43
101 30
65 147
103 210
105 19
81 188
115 54
80 181
167 61
102 50
48 45
36 161
0 32
182 71
42 48
54 42
45 57
90 45
24 65
118 23
94 30
106 154
127 152
154 65
140 204
104 35
191 56
151 34
192 31
63 256
50 42
171 73
78 35
186 200
169 69
67 41
38 49
28 63
181 90
70 67
132 207
92 58
85 230
59 80
117 66
4 53
12 70
30 42
56 242
172 71
2 60
97 84
16 62
39 196
157 146
112 212
107 75
95 180
142 69
76 211
51 83
41 74
100 58
11 221
148 81
149 76
60 58
87 60
129 73
135 134
6 81
96 139
198 65
